0 0.7927175 0.5554733333333334 0.022245 0.02573
0 0.33953500000000003 0.53116 0.02156 0.03137
0 0.47601 0.54669 0.0078275 0.01195
0 0.500755 0.5102633333333333 0.007465 0.00839
0 0.4905025 0.54357 0.01878 0.027630000000000002
0 0.378925 0.5308866666666667 0.0376 0.040483333333333336
0 0.5961525000000001 0.5449700000000001 0.011744999999999998 0.011983333333333334
0 0.658415 0.5420233333333333 0.0062825 0.011843333333333334
0 0.620125 0.5132666666666666 0.0073225 0.010183333333333334
0 0.5294774999999999 0.54627 0.010845 0.013763333333333332
0 0.5489824999999999 0.5200466666666667 0.015355 0.013063333333333333
0 0.5807025 0.5212100000000001 0.01719 0.016213333333333333
0 0.8824025 0.56428 0.0593125 0.04795333333333334