0 0.47137 0.5060533333333334 0.04221 0.04881
0 0.28388 0.5541633333333333 0.0264175 0.03451
0 0.3092 0.48114666666666667 0.055567500000000006 0.06858666666666666
0 0.14626499999999998 0.5596266666666667 0.039765 0.05362000000000001
0 0.7977575 0.5705466666666666 0.04414 0.07546666666666667
0 0.9008400000000001 0.5548466666666666 0.03234 0.03587333333333333
0 0.9665775 0.5326666666666666 0.037942500000000004 0.03654333333333333
0 0.585195 0.52927 0.09281 0.13617666666666667
0 0.6660275 0.5712233333333333 0.023212499999999997 0.035883333333333337
0 0.0490625 0.5586133333333333 0.054125 0.12118000000000001
0 0.27876249999999997 0.58385 0.028465 0.03248