0 0.0586375 0.9451933333333333 0.024605000000000002 0.033016666666666666
0 0.069175 0.87448 0.0058475 0.007323333333333333
0 0.06440749999999999 0.88206 0.0035150000000000003 0.006213333333333334
0 0.064375 0.8936000000000001 0.00505 0.00769
0 0.0755775 0.9723700000000001 0.00457 0.007153333333333334
0 0.057445 0.9738533333333333 0.004985000000000001 0.0077466666666666665
0 0.052352499999999996 0.9939666666666667 0.0032225 0.005016666666666667
0 0.05987 0.98826 0.0033900000000000002 0.005433333333333333
0 0.06666 0.9959600000000001 0.009197499999999999 0.008079999999999999
0 0.069355 0.9856166666666666 0.0041275 0.0045899999999999995
0 0.0835075 0.96125 0.004865 0.0062566666666666665
0 0.075375 0.9300433333333333 0.0034975 0.005793333333333333
0 0.07438249999999999 0.9192033333333334 0.00304 0.004583333333333333
0 0.056357500000000005 0.9062733333333334 0.0028725 0.00566
0 0.061235 0.9066200000000001 0.0014775 0.004033333333333333
0 0.08395999999999999 0.9363933333333333 0.003385 0.005523333333333333
0 0.09439 0.9051033333333333 0.010995 0.01999333333333333
0 0.0776925 0.7641566666666666 0.0196725 0.037943333333333336
0 0.09469 0.64063 0.011800000000000001 0.017903333333333334